Optimize

**************************************************************************************************************
* This Week. Begin: 2015-03-16. End: 2015-03-22.
**************************************************************************************************************

* Top 10 combo: stats_season optimized:

                       Games      fg      ft    ptm3     pts     reb     ast      st     blk      to 
----------------------------------------------------------------------------------------------------

#1
Stephen Curry              4    0.48    0.91   13.60   93.60   17.60   31.60    8.40    0.80   12.40 
Kevin Martin               4    0.45    0.88    8.40   81.20   15.60    8.40    3.20    0.00    7.60 
Tim Duncan                 4    0.50    0.72    0.00   56.80   37.60   12.00    3.20    7.60    7.20 
Paul Millsap               4    0.48    0.75    4.40   67.60   32.00   12.00    6.80    3.60    9.60 
Derrick Favors             4    0.54    0.67    0.00   65.20   32.80    6.40    3.20    6.80    6.40 
Dirk Nowitzki              4    0.46    0.89    5.60   69.60   23.60    7.20    2.00    1.60    4.00 

TOTAL                     24    0.48    0.80   32.00  434.00  159.20   77.60   26.80   20.40   47.20 
NORMALIZED                     29.51   70.85   75.76   84.44   78.61   46.51   73.28   70.82   63.63   65.93

                       Games      fg      ft    ptm3     pts     reb     ast      st     blk      to 
----------------------------------------------------------------------------------------------------

#2
Stephen Curry              4    0.48    0.91   13.60   93.60   17.60   31.60    8.40    0.80   12.40 
Gordon Hayward             4    0.45    0.81    6.40   78.80   19.60   16.80    5.60    1.60   11.20 
Tim Duncan                 4    0.50    0.72    0.00   56.80   37.60   12.00    3.20    7.60    7.20 
Paul Millsap               4    0.48    0.75    4.40   67.60   32.00   12.00    6.80    3.60    9.60 
Derrick Favors             4    0.54    0.67    0.00   65.20   32.80    6.40    3.20    6.80    6.40 
Dirk Nowitzki              4    0.46    0.89    5.60   69.60   23.60    7.20    2.00    1.60    4.00 

TOTAL                     24    0.49    0.79   30.00  431.60  163.20   86.00   29.20   22.00   50.80 
NORMALIZED                     35.37   49.27   65.19   81.34   85.76   72.66   91.42   82.52   27.68   65.69

                       Games      fg      ft    ptm3     pts     reb     ast      st     blk      to 
----------------------------------------------------------------------------------------------------

#3
Stephen Curry              4    0.48    0.91   13.60   93.60   17.60   31.60    8.40    0.80   12.40 
Gordon Hayward             4    0.45    0.81    6.40   78.80   19.60   16.80    5.60    1.60   11.20 
Paul Millsap               4    0.48    0.75    4.40   67.60   32.00   12.00    6.80    3.60    9.60 
Derrick Favors             4    0.54    0.67    0.00   65.20   32.80    6.40    3.20    6.80    6.40 
Marcin Gortat              4    0.56    0.69    0.00   48.40   34.80    4.00    2.00    5.20    5.60 
Dirk Nowitzki              4    0.46    0.89    5.60   69.60   23.60    7.20    2.00    1.60    4.00 

TOTAL                     24    0.50    0.79   30.00  423.20  160.40   78.00   28.00   19.60   49.20 
NORMALIZED                     77.89   41.17   65.19   67.80   80.95   47.82   83.99   63.86   43.08   63.53

                       Games      fg      ft    ptm3     pts     reb     ast      st     blk      to 
----------------------------------------------------------------------------------------------------

#4
Stephen Curry              4    0.48    0.91   13.60   93.60   17.60   31.60    8.40    0.80   12.40 
Gordon Hayward             4    0.45    0.81    6.40   78.80   19.60   16.80    5.60    1.60   11.20 
Tim Duncan                 4    0.50    0.72    0.00   56.80   37.60   12.00    3.20    7.60    7.20 
Paul Millsap               4    0.48    0.75    4.40   67.60   32.00   12.00    6.80    3.60    9.60 
Marcin Gortat              4    0.56    0.69    0.00   48.40   34.80    4.00    2.00    5.20    5.60 
Dirk Nowitzki              4    0.46    0.89    5.60   69.60   23.60    7.20    2.00    1.60    4.00 

TOTAL                     24    0.49    0.79   30.00  414.80  165.20   83.60   28.00   20.40   50.00 
NORMALIZED                     49.52   57.70   65.19   51.36   88.64   65.74   83.99   70.82   35.07   63.12

                       Games      fg      ft    ptm3     pts     reb     ast      st     blk      to 
----------------------------------------------------------------------------------------------------

#5
Stephen Curry              4    0.48    0.91   13.60   93.60   17.60   31.60    8.40    0.80   12.40 
Kevin Martin               4    0.45    0.88    8.40   81.20   15.60    8.40    3.20    0.00    7.60 
Paul Millsap               4    0.48    0.75    4.40   67.60   32.00   12.00    6.80    3.60    9.60 
Derrick Favors             4    0.54    0.67    0.00   65.20   32.80    6.40    3.20    6.80    6.40 
Marcin Gortat              4    0.56    0.69    0.00   48.40   34.80    4.00    2.00    5.20    5.60 
Dirk Nowitzki              4    0.46    0.89    5.60   69.60   23.60    7.20    2.00    1.60    4.00 

TOTAL                     24    0.49    0.80   32.00  425.60  156.40   69.60   25.60   18.00   45.60 
NORMALIZED                     72.75   63.46   75.76   72.06   72.55   22.81   59.81   48.71   77.84   62.86

                       Games      fg      ft    ptm3     pts     reb     ast      st     blk      to 
----------------------------------------------------------------------------------------------------

#6
Stephen Curry              4    0.48    0.91   13.60   93.60   17.60   31.60    8.40    0.80   12.40 
Kevin Martin               4    0.45    0.88    8.40   81.20   15.60    8.40    3.20    0.00    7.60 
Gordon Hayward             4    0.45    0.81    6.40   78.80   19.60   16.80    5.60    1.60   11.20 
Tim Duncan                 4    0.50    0.72    0.00   56.80   37.60   12.00    3.20    7.60    7.20 
Paul Millsap               4    0.48    0.75    4.40   67.60   32.00   12.00    6.80    3.60    9.60 
Derrick Favors             4    0.54    0.67    0.00   65.20   32.80    6.40    3.20    6.80    6.40 

TOTAL                     24    0.48    0.79   32.80  443.20  155.20   87.20   30.40   20.40   54.40 
NORMALIZED                     26.45   45.82   79.44   93.08   69.72   75.84   95.90   70.82    6.26   62.59

                       Games      fg      ft    ptm3     pts     reb     ast      st     blk      to 
----------------------------------------------------------------------------------------------------

#7
Stephen Curry              4    0.48    0.91   13.60   93.60   17.60   31.60    8.40    0.80   12.40 
Kevin Martin               4    0.45    0.88    8.40   81.20   15.60    8.40    3.20    0.00    7.60 
Tim Duncan                 4    0.50    0.72    0.00   56.80   37.60   12.00    3.20    7.60    7.20 
Paul Millsap               4    0.48    0.75    4.40   67.60   32.00   12.00    6.80    3.60    9.60 
Marcin Gortat              4    0.56    0.69    0.00   48.40   34.80    4.00    2.00    5.20    5.60 
Dirk Nowitzki              4    0.46    0.89    5.60   69.60   23.60    7.20    2.00    1.60    4.00 

TOTAL                     24    0.49    0.81   32.00  417.20  161.20   75.20   25.60   18.80   46.40 
NORMALIZED                     43.03   77.69   75.76   56.21   82.41   38.79   59.81   56.41   71.14   62.36

                       Games      fg      ft    ptm3     pts     reb     ast      st     blk      to 
----------------------------------------------------------------------------------------------------

#8
Stephen Curry              4    0.48    0.91   13.60   93.60   17.60   31.60    8.40    0.80   12.40 
Kevin Martin               4    0.45    0.88    8.40   81.20   15.60    8.40    3.20    0.00    7.60 
Gordon Hayward             4    0.45    0.81    6.40   78.80   19.60   16.80    5.60    1.60   11.20 
Tim Duncan                 4    0.50    0.72    0.00   56.80   37.60   12.00    3.20    7.60    7.20 
Derrick Favors             4    0.54    0.67    0.00   65.20   32.80    6.40    3.20    6.80    6.40 
Dirk Nowitzki              4    0.46    0.89    5.60   69.60   23.60    7.20    2.00    1.60    4.00 

TOTAL                     24    0.48    0.81   34.00  445.20  146.80   82.40   25.60   18.40   48.80 
NORMALIZED                     15.61   84.28   84.30   94.34   47.43   62.05   59.81   52.57   47.22   60.84

                       Games      fg      ft    ptm3     pts     reb     ast      st     blk      to 
----------------------------------------------------------------------------------------------------

#9
Stephen Curry              4    0.48    0.91   13.60   93.60   17.60   31.60    8.40    0.80   12.40 
Kevin Martin               4    0.45    0.88    8.40   81.20   15.60    8.40    3.20    0.00    7.60 
Gordon Hayward             4    0.45    0.81    6.40   78.80   19.60   16.80    5.60    1.60   11.20 
Tim Duncan                 4    0.50    0.72    0.00   56.80   37.60   12.00    3.20    7.60    7.20 
Paul Millsap               4    0.48    0.75    4.40   67.60   32.00   12.00    6.80    3.60    9.60 
Marcin Gortat              4    0.56    0.69    0.00   48.40   34.80    4.00    2.00    5.20    5.60 

TOTAL                     24    0.49    0.79   32.80  426.40  157.20   84.80   29.20   18.80   53.60 
NORMALIZED                     39.50   54.29   79.44   73.41   74.36   69.29   91.42   56.41    9.27   60.82

                       Games      fg      ft    ptm3     pts     reb     ast      st     blk      to 
----------------------------------------------------------------------------------------------------

#10
Stephen Curry              4    0.48    0.91   13.60   93.60   17.60   31.60    8.40    0.80   12.40 
Kevin Martin               4    0.45    0.88    8.40   81.20   15.60    8.40    3.20    0.00    7.60 
Gordon Hayward             4    0.45    0.81    6.40   78.80   19.60   16.80    5.60    1.60   11.20 
Tim Duncan                 4    0.50    0.72    0.00   56.80   37.60   12.00    3.20    7.60    7.20 
Paul Millsap               4    0.48    0.75    4.40   67.60   32.00   12.00    6.80    3.60    9.60 
Dirk Nowitzki              4    0.46    0.89    5.60   69.60   23.60    7.20    2.00    1.60    4.00 

TOTAL                     24    0.47    0.82   38.40  447.60  146.00   88.00   29.20   15.20   52.00 
NORMALIZED                      1.79   95.07   95.40   95.60   45.23   77.85   91.42   23.90   18.24   60.50

**************************************************************************************************************

* Top 10 combo: stats_last5 optimized:

                       Games      fg      ft    ptm3     pts     reb     ast      st     blk      to 
----------------------------------------------------------------------------------------------------

#1
Stephen Curry              4    0.48    0.91   13.60   93.60   17.60   31.60    8.40    0.80   12.40 
Tim Duncan                 4    0.50    0.72    0.00   56.80   37.60   12.00    3.20    7.60    7.20 
Paul Millsap               4    0.48    0.75    4.40   67.60   32.00   12.00    6.80    3.60    9.60 
Derrick Favors             4    0.54    0.67    0.00   65.20   32.80    6.40    3.20    6.80    6.40 
Marcin Gortat              4    0.56    0.69    0.00   48.40   34.80    4.00    2.00    5.20    5.60 
Dirk Nowitzki              4    0.46    0.89    5.60   69.60   23.60    7.20    2.00    1.60    4.00 

TOTAL                     24    0.52    0.83   28.40  404.00  162.00   90.00   27.20   30.00   46.40 
NORMALIZED                     62.76   70.29   36.97    0.55   96.48   42.66   87.45   92.99   67.78   61.99

                       Games      fg      ft    ptm3     pts     reb     ast      st     blk      to 
----------------------------------------------------------------------------------------------------

#2
Stephen Curry              4    0.48    0.91   13.60   93.60   17.60   31.60    8.40    0.80   12.40 
Kevin Martin               4    0.45    0.88    8.40   81.20   15.60    8.40    3.20    0.00    7.60 
Gordon Hayward             4    0.45    0.81    6.40   78.80   19.60   16.80    5.60    1.60   11.20 
Tim Duncan                 4    0.50    0.72    0.00   56.80   37.60   12.00    3.20    7.60    7.20 
Paul Millsap               4    0.48    0.75    4.40   67.60   32.00   12.00    6.80    3.60    9.60 
Derrick Favors             4    0.54    0.67    0.00   65.20   32.80    6.40    3.20    6.80    6.40 

TOTAL                     24    0.49    0.84   33.20  445.20  148.40  104.80   25.60   27.20   60.00 
NORMALIZED                      8.97   81.93   64.49   70.05   76.34   73.76   71.70   83.33    2.92   59.28

                       Games      fg      ft    ptm3     pts     reb     ast      st     blk      to 
----------------------------------------------------------------------------------------------------

#3
Stephen Curry              4    0.48    0.91   13.60   93.60   17.60   31.60    8.40    0.80   12.40 
Gordon Hayward             4    0.45    0.81    6.40   78.80   19.60   16.80    5.60    1.60   11.20 
Tim Duncan                 4    0.50    0.72    0.00   56.80   37.60   12.00    3.20    7.60    7.20 
Paul Millsap               4    0.48    0.75    4.40   67.60   32.00   12.00    6.80    3.60    9.60 
Marcin Gortat              4    0.56    0.69    0.00   48.40   34.80    4.00    2.00    5.20    5.60 
Dirk Nowitzki              4    0.46    0.89    5.60   69.60   23.60    7.20    2.00    1.60    4.00 

TOTAL                     24    0.52    0.83   35.60  416.40  152.40  101.60   27.20   22.40   52.00 
NORMALIZED                     48.70   74.97   76.54    5.29   85.04   67.67   87.45   53.85   30.58   58.90

                       Games      fg      ft    ptm3     pts     reb     ast      st     blk      to 
----------------------------------------------------------------------------------------------------

#4
Stephen Curry              4    0.48    0.91   13.60   93.60   17.60   31.60    8.40    0.80   12.40 
Tim Duncan                 4    0.50    0.72    0.00   56.80   37.60   12.00    3.20    7.60    7.20 
Paul Millsap               4    0.48    0.75    4.40   67.60   32.00   12.00    6.80    3.60    9.60 
Marcin Gortat              4    0.56    0.69    0.00   48.40   34.80    4.00    2.00    5.20    5.60 
Dirk Nowitzki              4    0.46    0.89    5.60   69.60   23.60    7.20    2.00    1.60    4.00 
Tony Parker                4    0.48    0.80    2.80   60.00    8.00   19.60    2.80    0.00    8.80 

TOTAL                     24    0.53    0.83   30.00  412.00  144.40  109.20   27.20   20.40   46.40 
NORMALIZED                     64.59   71.58   46.10    2.59   65.40   81.06   87.45   39.51   67.78   58.45

                       Games      fg      ft    ptm3     pts     reb     ast      st     blk      to 
----------------------------------------------------------------------------------------------------

#5
Stephen Curry              4    0.48    0.91   13.60   93.60   17.60   31.60    8.40    0.80   12.40 
Kevin Martin               4    0.45    0.88    8.40   81.20   15.60    8.40    3.20    0.00    7.60 
Gordon Hayward             4    0.45    0.81    6.40   78.80   19.60   16.80    5.60    1.60   11.20 
Tim Duncan                 4    0.50    0.72    0.00   56.80   37.60   12.00    3.20    7.60    7.20 
Paul Millsap               4    0.48    0.75    4.40   67.60   32.00   12.00    6.80    3.60    9.60 
Marcin Gortat              4    0.56    0.69    0.00   48.40   34.80    4.00    2.00    5.20    5.60 

TOTAL                     24    0.52    0.83   33.20  434.80  150.00  103.20   27.20   22.40   58.40 
NORMALIZED                     47.08   72.84   64.49   40.20   80.11   70.79   87.45   53.85    5.31   58.01

                       Games      fg      ft    ptm3     pts     reb     ast      st     blk      to 
----------------------------------------------------------------------------------------------------

#6
Stephen Curry              4    0.48    0.91   13.60   93.60   17.60   31.60    8.40    0.80   12.40 
Kevin Martin               4    0.45    0.88    8.40   81.20   15.60    8.40    3.20    0.00    7.60 
Tim Duncan                 4    0.50    0.72    0.00   56.80   37.60   12.00    3.20    7.60    7.20 
Paul Millsap               4    0.48    0.75    4.40   67.60   32.00   12.00    6.80    3.60    9.60 
Marcin Gortat              4    0.56    0.69    0.00   48.40   34.80    4.00    2.00    5.20    5.60 
Dirk Nowitzki              4    0.46    0.89    5.60   69.60   23.60    7.20    2.00    1.60    4.00 

TOTAL                     24    0.51    0.86   37.20  418.40  147.60   92.40   26.40   21.20   48.80 
NORMALIZED                     37.24   94.59   83.11    7.10   74.31   47.94   80.53   45.19   51.84   57.98

                       Games      fg      ft    ptm3     pts     reb     ast      st     blk      to 
----------------------------------------------------------------------------------------------------

#7
Stephen Curry              4    0.48    0.91   13.60   93.60   17.60   31.60    8.40    0.80   12.40 
Gordon Hayward             4    0.45    0.81    6.40   78.80   19.60   16.80    5.60    1.60   11.20 
Tim Duncan                 4    0.50    0.72    0.00   56.80   37.60   12.00    3.20    7.60    7.20 
Paul Millsap               4    0.48    0.75    4.40   67.60   32.00   12.00    6.80    3.60    9.60 
Derrick Favors             4    0.54    0.67    0.00   65.20   32.80    6.40    3.20    6.80    6.40 
Dirk Nowitzki              4    0.46    0.89    5.60   69.60   23.60    7.20    2.00    1.60    4.00 

TOTAL                     24    0.49    0.84   35.60  426.80  150.80  103.20   25.60   27.20   53.60 
NORMALIZED                      9.65   83.60   76.54   19.95   81.85   70.79   71.70   83.33   21.63   57.67

                       Games      fg      ft    ptm3     pts     reb     ast      st     blk      to 
----------------------------------------------------------------------------------------------------

#8
Stephen Curry              4    0.48    0.91   13.60   93.60   17.60   31.60    8.40    0.80   12.40 
Tim Duncan                 4    0.50    0.72    0.00   56.80   37.60   12.00    3.20    7.60    7.20 
Paul Millsap               4    0.48    0.75    4.40   67.60   32.00   12.00    6.80    3.60    9.60 
Derrick Favors             4    0.54    0.67    0.00   65.20   32.80    6.40    3.20    6.80    6.40 
Marcin Gortat              4    0.56    0.69    0.00   48.40   34.80    4.00    2.00    5.20    5.60 
Tony Parker                4    0.48    0.80    2.80   60.00    8.00   19.60    2.80    0.00    8.80 

TOTAL                     24    0.54    0.79   18.80  416.00  156.40  108.40   28.00   29.20   50.40 
NORMALIZED                     83.75   28.47    4.08    4.98   91.30   79.84   92.43   90.83   40.87   57.39

                       Games      fg      ft    ptm3     pts     reb     ast      st     blk      to 
----------------------------------------------------------------------------------------------------

#9
Stephen Curry              4    0.48    0.91   13.60   93.60   17.60   31.60    8.40    0.80   12.40 
Kevin Martin               4    0.45    0.88    8.40   81.20   15.60    8.40    3.20    0.00    7.60 
Tim Duncan                 4    0.50    0.72    0.00   56.80   37.60   12.00    3.20    7.60    7.20 
Paul Millsap               4    0.48    0.75    4.40   67.60   32.00   12.00    6.80    3.60    9.60 
Derrick Favors             4    0.54    0.67    0.00   65.20   32.80    6.40    3.20    6.80    6.40 
Marcin Gortat              4    0.56    0.69    0.00   48.40   34.80    4.00    2.00    5.20    5.60 

TOTAL                     24    0.52    0.82   26.00  422.40  159.60   91.60   27.20   30.00   52.80 
NORMALIZED                     61.21   67.98   24.68   12.08   94.70   46.17   87.45   92.99   25.90   57.02

                       Games      fg      ft    ptm3     pts     reb     ast      st     blk      to 
----------------------------------------------------------------------------------------------------

#10
Stephen Curry              4    0.48    0.91   13.60   93.60   17.60   31.60    8.40    0.80   12.40 
Kevin Martin               4    0.45    0.88    8.40   81.20   15.60    8.40    3.20    0.00    7.60 
Tim Duncan                 4    0.50    0.72    0.00   56.80   37.60   12.00    3.20    7.60    7.20 
Paul Millsap               4    0.48    0.75    4.40   67.60   32.00   12.00    6.80    3.60    9.60 
Derrick Favors             4    0.54    0.67    0.00   65.20   32.80    6.40    3.20    6.80    6.40 
Dirk Nowitzki              4    0.46    0.89    5.60   69.60   23.60    7.20    2.00    1.60    4.00 

TOTAL                     24    0.49    0.87   37.20  428.80  146.00   94.00   24.80   26.00   50.40 
NORMALIZED                      5.54   97.20   83.11   24.37   70.00   51.48   61.29   77.33   40.87   56.80

**************************************************************************************************************

Top Player Counts:

Stephen Curry              4      20
Paul Millsap               4      19
Tim Duncan                 4      18
Dirk Nowitzki              4      14
Derrick Favors             4      12
Marcin Gortat              4      12
Kevin Martin               4      12
Gordon Hayward             4      11
Tony Parker                4       2

**************************************************************************************************************
* Next Week. Begin: 2015-03-23. End: 2015-03-29.
**************************************************************************************************************

* Top 10 combo: stats_season optimized:

                       Games      fg      ft    ptm3     pts     reb     ast      st     blk      to 
----------------------------------------------------------------------------------------------------

#1
Stephen Curry              4    0.48    0.91   13.60   93.60   17.60   31.60    8.40    0.80   12.40 
Kevin Martin               4    0.45    0.88    8.40   81.20   15.60    8.40    3.20    0.00    7.60 
Gordon Hayward             4    0.45    0.81    6.40   78.80   19.60   16.80    5.60    1.60   11.20 
Tim Duncan                 4    0.50    0.72    0.00   56.80   37.60   12.00    3.20    7.60    7.20 
Derrick Favors             4    0.54    0.67    0.00   65.20   32.80    6.40    3.20    6.80    6.40 
Marcin Gortat              4    0.56    0.69    0.00   48.40   34.80    4.00    2.00    5.20    5.60 

TOTAL                     24    0.50    0.78   28.40  424.00  158.00   79.20   25.60   22.00   50.40 
NORMALIZED                     79.48   29.52   65.57   92.69   91.54   61.69   77.17   87.23   15.26   66.68

                       Games      fg      ft    ptm3     pts     reb     ast      st     blk      to 
----------------------------------------------------------------------------------------------------

#2
Stephen Curry              4    0.48    0.91   13.60   93.60   17.60   31.60    8.40    0.80   12.40 
Kevin Martin               4    0.45    0.88    8.40   81.20   15.60    8.40    3.20    0.00    7.60 
Gordon Hayward             4    0.45    0.81    6.40   78.80   19.60   16.80    5.60    1.60   11.20 
Tim Duncan                 4    0.50    0.72    0.00   56.80   37.60   12.00    3.20    7.60    7.20 
Paul Millsap               3    0.48    0.75    3.30   50.70   24.00    9.00    5.10    2.70    7.20 
Derrick Favors             4    0.54    0.67    0.00   65.20   32.80    6.40    3.20    6.80    6.40 

TOTAL                     23    0.48    0.79   31.70  426.30  147.20   84.20   28.70   19.50   52.00 
NORMALIZED                     26.45   45.82   81.84   94.00   73.06   75.67   96.10   70.43    7.75   63.46

                       Games      fg      ft    ptm3     pts     reb     ast      st     blk      to 
----------------------------------------------------------------------------------------------------

#3
Stephen Curry              4    0.48    0.91   13.60   93.60   17.60   31.60    8.40    0.80   12.40 
Kevin Martin               4    0.45    0.88    8.40   81.20   15.60    8.40    3.20    0.00    7.60 
Gordon Hayward             4    0.45    0.81    6.40   78.80   19.60   16.80    5.60    1.60   11.20 
Tim Duncan                 4    0.50    0.72    0.00   56.80   37.60   12.00    3.20    7.60    7.20 
Derrick Favors             4    0.54    0.67    0.00   65.20   32.80    6.40    3.20    6.80    6.40 
Dirk Nowitzki              3    0.46    0.89    4.20   52.20   17.70    5.40    1.50    1.20    3.00 

TOTAL                     23    0.48    0.81   32.60  427.80  140.90   80.60   25.10   18.00   47.80 
NORMALIZED                     15.61   84.28   85.27   94.75   56.80   65.87   71.92   56.99   35.19   62.96

                       Games      fg      ft    ptm3     pts     reb     ast      st     blk      to 
----------------------------------------------------------------------------------------------------

#4
Stephen Curry              4    0.48    0.91   13.60   93.60   17.60   31.60    8.40    0.80   12.40 
Gordon Hayward             4    0.45    0.81    6.40   78.80   19.60   16.80    5.60    1.60   11.20 
Tim Duncan                 4    0.50    0.72    0.00   56.80   37.60   12.00    3.20    7.60    7.20 
Derrick Favors             4    0.54    0.67    0.00   65.20   32.80    6.40    3.20    6.80    6.40 
Marcin Gortat              4    0.56    0.69    0.00   48.40   34.80    4.00    2.00    5.20    5.60 
Dirk Nowitzki              3    0.46    0.89    4.20   52.20   17.70    5.40    1.50    1.20    3.00 

TOTAL                     23    0.50    0.78   24.20  395.00  160.10   76.20   23.90   23.20   45.80 
NORMALIZED                     85.93   32.57   40.26   56.58   93.61   52.33   57.38   92.31   54.61   62.84

                       Games      fg      ft    ptm3     pts     reb     ast      st     blk      to 
----------------------------------------------------------------------------------------------------

#5
Stephen Curry              4    0.48    0.91   13.60   93.60   17.60   31.60    8.40    0.80   12.40 
Kevin Martin               4    0.45    0.88    8.40   81.20   15.60    8.40    3.20    0.00    7.60 
Tim Duncan                 4    0.50    0.72    0.00   56.80   37.60   12.00    3.20    7.60    7.20 
Derrick Favors             4    0.54    0.67    0.00   65.20   32.80    6.40    3.20    6.80    6.40 
Marcin Gortat              4    0.56    0.69    0.00   48.40   34.80    4.00    2.00    5.20    5.60 
Dirk Nowitzki              3    0.46    0.89    4.20   52.20   17.70    5.40    1.50    1.20    3.00 

TOTAL                     23    0.50    0.79   26.20  397.40  156.10   67.80   21.50   21.60   42.20 
NORMALIZED                     81.96   54.60   52.46   60.73   89.27   27.07   27.35   85.12   84.34   62.54

                       Games      fg      ft    ptm3     pts     reb     ast      st     blk      to 
----------------------------------------------------------------------------------------------------

#6
Stephen Curry              4    0.48    0.91   13.60   93.60   17.60   31.60    8.40    0.80   12.40 
Kevin Martin               4    0.45    0.88    8.40   81.20   15.60    8.40    3.20    0.00    7.60 
Gordon Hayward             4    0.45    0.81    6.40   78.80   19.60   16.80    5.60    1.60   11.20 
Tim Duncan                 4    0.50    0.72    0.00   56.80   37.60   12.00    3.20    7.60    7.20 
Paul Millsap               3    0.48    0.75    3.30   50.70   24.00    9.00    5.10    2.70    7.20 
Marcin Gortat              4    0.56    0.69    0.00   48.40   34.80    4.00    2.00    5.20    5.60 

TOTAL                     23    0.49    0.79   31.70  409.50  149.20   81.80   27.50   17.90   51.20 
NORMALIZED                     39.50   54.29   81.84   79.08   77.50   69.31   91.45   56.05   11.06   62.23

                       Games      fg      ft    ptm3     pts     reb     ast      st     blk      to 
----------------------------------------------------------------------------------------------------

#7
Stephen Curry              4    0.48    0.91   13.60   93.60   17.60   31.60    8.40    0.80   12.40 
Gordon Hayward             4    0.45    0.81    6.40   78.80   19.60   16.80    5.60    1.60   11.20 
Tim Duncan                 4    0.50    0.72    0.00   56.80   37.60   12.00    3.20    7.60    7.20 
Paul Millsap               3    0.48    0.75    3.30   50.70   24.00    9.00    5.10    2.70    7.20 
Derrick Favors             4    0.54    0.67    0.00   65.20   32.80    6.40    3.20    6.80    6.40 
Dirk Nowitzki              3    0.46    0.89    4.20   52.20   17.70    5.40    1.50    1.20    3.00 

TOTAL                     22    0.49    0.79   27.50  397.30  149.30   81.20   27.00   20.70   47.40 
NORMALIZED                     35.37   49.27   60.33   60.56   77.71   67.61   88.58   79.53   38.93   61.99

                       Games      fg      ft    ptm3     pts     reb     ast      st     blk      to 
----------------------------------------------------------------------------------------------------

#8
Stephen Curry              4    0.48    0.91   13.60   93.60   17.60   31.60    8.40    0.80   12.40 
Kevin Martin               4    0.45    0.88    8.40   81.20   15.60    8.40    3.20    0.00    7.60 
Tim Duncan                 4    0.50    0.72    0.00   56.80   37.60   12.00    3.20    7.60    7.20 
Paul Millsap               3    0.48    0.75    3.30   50.70   24.00    9.00    5.10    2.70    7.20 
Derrick Favors             4    0.54    0.67    0.00   65.20   32.80    6.40    3.20    6.80    6.40 
Marcin Gortat              4    0.56    0.69    0.00   48.40   34.80    4.00    2.00    5.20    5.60 

TOTAL                     23    0.50    0.77   25.30  395.90  162.40   71.40   25.10   23.10   46.40 
NORMALIZED                     90.24   15.98   46.93   58.15   95.39   37.30   71.92   91.95   48.68   61.84

                       Games      fg      ft    ptm3     pts     reb     ast      st     blk      to 
----------------------------------------------------------------------------------------------------

#9
Stephen Curry              4    0.48    0.91   13.60   93.60   17.60   31.60    8.40    0.80   12.40 
Gordon Hayward             4    0.45    0.81    6.40   78.80   19.60   16.80    5.60    1.60   11.20 
Tim Duncan                 4    0.50    0.72    0.00   56.80   37.60   12.00    3.20    7.60    7.20 
Paul Millsap               3    0.48    0.75    3.30   50.70   24.00    9.00    5.10    2.70    7.20 
Derrick Favors             4    0.54    0.67    0.00   65.20   32.80    6.40    3.20    6.80    6.40 
Marcin Gortat              4    0.56    0.69    0.00   48.40   34.80    4.00    2.00    5.20    5.60 

TOTAL                     23    0.50    0.76   23.30  393.50  166.40   79.80   27.50   24.70   50.00 
NORMALIZED                     92.77    5.91   35.00   53.95   97.53   63.50   91.45   96.30   17.72   61.57

                       Games      fg      ft    ptm3     pts     reb     ast      st     blk      to 
----------------------------------------------------------------------------------------------------

#10
Stephen Curry              4    0.48    0.91   13.60   93.60   17.60   31.60    8.40    0.80   12.40 
Kevin Martin               4    0.45    0.88    8.40   81.20   15.60    8.40    3.20    0.00    7.60 
Tim Duncan                 4    0.50    0.72    0.00   56.80   37.60   12.00    3.20    7.60    7.20 
Paul Millsap               3    0.48    0.75    3.30   50.70   24.00    9.00    5.10    2.70    7.20 
Derrick Favors             4    0.54    0.67    0.00   65.20   32.80    6.40    3.20    6.80    6.40 
Dirk Nowitzki              3    0.46    0.89    4.20   52.20   17.70    5.40    1.50    1.20    3.00 

TOTAL                     22    0.48    0.80   29.50  399.70  145.30   72.80   24.60   19.10   43.80 
NORMALIZED                     29.51   70.85   71.57   64.59   68.47   41.59   66.13   67.02   72.97   61.41

**************************************************************************************************************

* Top 10 combo: stats_last5 optimized:

                       Games      fg      ft    ptm3     pts     reb     ast      st     blk      to 
----------------------------------------------------------------------------------------------------

#1
Stephen Curry              4    0.48    0.91   13.60   93.60   17.60   31.60    8.40    0.80   12.40 
Tim Duncan                 4    0.50    0.72    0.00   56.80   37.60   12.00    3.20    7.60    7.20 
Paul Millsap               3    0.48    0.75    3.30   50.70   24.00    9.00    5.10    2.70    7.20 
Derrick Favors             4    0.54    0.67    0.00   65.20   32.80    6.40    3.20    6.80    6.40 
Marcin Gortat              4    0.56    0.69    0.00   48.40   34.80    4.00    2.00    5.20    5.60 
Dirk Nowitzki              3    0.46    0.89    4.20   52.20   17.70    5.40    1.50    1.20    3.00 

TOTAL                     22    0.52    0.83   24.10  369.30  149.30   85.90   24.80   28.50   42.50 
NORMALIZED                     62.76   70.29   27.72    0.82   93.66   39.96   83.46   91.82   76.87   60.82

                       Games      fg      ft    ptm3     pts     reb     ast      st     blk      to 
----------------------------------------------------------------------------------------------------

#2
Stephen Curry              4    0.48    0.91   13.60   93.60   17.60   31.60    8.40    0.80   12.40 
Kevin Martin               4    0.45    0.88    8.40   81.20   15.60    8.40    3.20    0.00    7.60 
Gordon Hayward             4    0.45    0.81    6.40   78.80   19.60   16.80    5.60    1.60   11.20 
Tim Duncan                 4    0.50    0.72    0.00   56.80   37.60   12.00    3.20    7.60    7.20 
Paul Millsap               3    0.48    0.75    3.30   50.70   24.00    9.00    5.10    2.70    7.20 
Derrick Favors             4    0.54    0.67    0.00   65.20   32.80    6.40    3.20    6.80    6.40 

TOTAL                     23    0.49    0.84   31.70  427.70  140.10  102.30   23.80   25.90   56.70 
NORMALIZED                      8.97   81.93   73.34   74.76   77.61   73.68   71.47   82.08    2.90   60.75

                       Games      fg      ft    ptm3     pts     reb     ast      st     blk      to 
----------------------------------------------------------------------------------------------------

#3
Stephen Curry              4    0.48    0.91   13.60   93.60   17.60   31.60    8.40    0.80   12.40 
Kevin Martin               4    0.45    0.88    8.40   81.20   15.60    8.40    3.20    0.00    7.60 
Gordon Hayward             4    0.45    0.81    6.40   78.80   19.60   16.80    5.60    1.60   11.20 
Tim Duncan                 4    0.50    0.72    0.00   56.80   37.60   12.00    3.20    7.60    7.20 
Paul Millsap               3    0.48    0.75    3.30   50.70   24.00    9.00    5.10    2.70    7.20 
Marcin Gortat              4    0.56    0.69    0.00   48.40   34.80    4.00    2.00    5.20    5.60 

TOTAL                     23    0.52    0.83   31.70  417.30  141.70  100.70   25.40   21.10   55.10 
NORMALIZED                     47.08   72.84   73.34   54.81   81.40   70.78   88.79   51.70    5.49   60.69

                       Games      fg      ft    ptm3     pts     reb     ast      st     blk      to 
----------------------------------------------------------------------------------------------------

#4
Stephen Curry              4    0.48    0.91   13.60   93.60   17.60   31.60    8.40    0.80   12.40 
Kevin Martin               4    0.45    0.88    8.40   81.20   15.60    8.40    3.20    0.00    7.60 
Tim Duncan                 4    0.50    0.72    0.00   56.80   37.60   12.00    3.20    7.60    7.20 
Paul Millsap               3    0.48    0.75    3.30   50.70   24.00    9.00    5.10    2.70    7.20 
Derrick Favors             4    0.54    0.67    0.00   65.20   32.80    6.40    3.20    6.80    6.40 
Marcin Gortat              4    0.56    0.69    0.00   48.40   34.80    4.00    2.00    5.20    5.60 

TOTAL                     23    0.52    0.82   24.50  404.90  151.30   89.10   25.40   28.70   49.50 
NORMALIZED                     61.21   67.98   29.90   29.79   95.48   46.76   88.79   92.35   28.71   60.11

                       Games      fg      ft    ptm3     pts     reb     ast      st     blk      to 
----------------------------------------------------------------------------------------------------

#5
Stephen Curry              4    0.48    0.91   13.60   93.60   17.60   31.60    8.40    0.80   12.40 
Gordon Hayward             4    0.45    0.81    6.40   78.80   19.60   16.80    5.60    1.60   11.20 
Tim Duncan                 4    0.50    0.72    0.00   56.80   37.60   12.00    3.20    7.60    7.20 
Derrick Favors             4    0.54    0.67    0.00   65.20   32.80    6.40    3.20    6.80    6.40 
Marcin Gortat              4    0.56    0.69    0.00   48.40   34.80    4.00    2.00    5.20    5.60 
Tony Parker                4    0.48    0.80    2.80   60.00    8.00   19.60    2.80    0.00    8.80 

TOTAL                     24    0.54    0.74   20.00  431.20  143.20  115.60   24.00   26.00   49.20 
NORMALIZED                     81.89    2.69   10.64   80.26   84.56   91.21   74.16   82.55   30.63   59.84

                       Games      fg      ft    ptm3     pts     reb     ast      st     blk      to 
----------------------------------------------------------------------------------------------------

#6
Stephen Curry              4    0.48    0.91   13.60   93.60   17.60   31.60    8.40    0.80   12.40 
Tim Duncan                 4    0.50    0.72    0.00   56.80   37.60   12.00    3.20    7.60    7.20 
Paul Millsap               3    0.48    0.75    3.30   50.70   24.00    9.00    5.10    2.70    7.20 
Derrick Favors             4    0.54    0.67    0.00   65.20   32.80    6.40    3.20    6.80    6.40 
Marcin Gortat              4    0.56    0.69    0.00   48.40   34.80    4.00    2.00    5.20    5.60 
Tony Parker                4    0.48    0.80    2.80   60.00    8.00   19.60    2.80    0.00    8.80 

TOTAL                     23    0.54    0.79   17.30  398.50  148.10  105.90   26.20   27.90   47.10 
NORMALIZED                     83.75   28.47    4.67   19.31   92.31   79.63   93.82   90.03   45.33   59.70

                       Games      fg      ft    ptm3     pts     reb     ast      st     blk      to 
----------------------------------------------------------------------------------------------------

#7
Stephen Curry              4    0.48    0.91   13.60   93.60   17.60   31.60    8.40    0.80   12.40 
Kevin Martin               4    0.45    0.88    8.40   81.20   15.60    8.40    3.20    0.00    7.60 
Gordon Hayward             4    0.45    0.81    6.40   78.80   19.60   16.80    5.60    1.60   11.20 
Tim Duncan                 4    0.50    0.72    0.00   56.80   37.60   12.00    3.20    7.60    7.20 
Derrick Favors             4    0.54    0.67    0.00   65.20   32.80    6.40    3.20    6.80    6.40 
Marcin Gortat              4    0.56    0.69    0.00   48.40   34.80    4.00    2.00    5.20    5.60 

TOTAL                     24    0.52    0.78   27.20  437.60  146.40   98.80   23.20   26.80   51.60 
NORMALIZED                     58.38   18.61   46.18   88.24   90.05   67.15   62.71   86.05   17.09   59.38

                       Games      fg      ft    ptm3     pts     reb     ast      st     blk      to 
----------------------------------------------------------------------------------------------------

#8
Stephen Curry              4    0.48    0.91   13.60   93.60   17.60   31.60    8.40    0.80   12.40 
Kevin Martin               4    0.45    0.88    8.40   81.20   15.60    8.40    3.20    0.00    7.60 
Tim Duncan                 4    0.50    0.72    0.00   56.80   37.60   12.00    3.20    7.60    7.20 
Derrick Favors             4    0.54    0.67    0.00   65.20   32.80    6.40    3.20    6.80    6.40 
Marcin Gortat              4    0.56    0.69    0.00   48.40   34.80    4.00    2.00    5.20    5.60 
Tony Parker                4    0.48    0.80    2.80   60.00    8.00   19.60    2.80    0.00    8.80 

TOTAL                     24    0.53    0.77   21.60  433.20  138.40  106.40   23.20   24.80   46.00 
NORMALIZED                     73.18   15.98   16.10   83.04   73.15   80.38   62.71   76.35   53.44   59.37

                       Games      fg      ft    ptm3     pts     reb     ast      st     blk      to 
----------------------------------------------------------------------------------------------------

#9
Stephen Curry              4    0.48    0.91   13.60   93.60   17.60   31.60    8.40    0.80   12.40 
Kevin Martin               4    0.45    0.88    8.40   81.20   15.60    8.40    3.20    0.00    7.60 
Gordon Hayward             4    0.45    0.81    6.40   78.80   19.60   16.80    5.60    1.60   11.20 
Paul Millsap               3    0.48    0.75    3.30   50.70   24.00    9.00    5.10    2.70    7.20 
Derrick Favors             4    0.54    0.67    0.00   65.20   32.80    6.40    3.20    6.80    6.40 
Marcin Gortat              4    0.56    0.69    0.00   48.40   34.80    4.00    2.00    5.20    5.60 

TOTAL                     23    0.52    0.82   31.70  429.30  136.90   85.50   26.20   21.10   55.90 
NORMALIZED                     47.08   63.33   73.34   77.37   68.87   39.12   93.82   51.70    4.03   57.63

                       Games      fg      ft    ptm3     pts     reb     ast      st     blk      to 
----------------------------------------------------------------------------------------------------

#10
Stephen Curry              4    0.48    0.91   13.60   93.60   17.60   31.60    8.40    0.80   12.40 
Gordon Hayward             4    0.45    0.81    6.40   78.80   19.60   16.80    5.60    1.60   11.20 
Tim Duncan                 4    0.50    0.72    0.00   56.80   37.60   12.00    3.20    7.60    7.20 
Paul Millsap               3    0.48    0.75    3.30   50.70   24.00    9.00    5.10    2.70    7.20 
Derrick Favors             4    0.54    0.67    0.00   65.20   32.80    6.40    3.20    6.80    6.40 
Marcin Gortat              4    0.56    0.69    0.00   48.40   34.80    4.00    2.00    5.20    5.60 

TOTAL                     23    0.53    0.79   22.90  402.90  156.10   98.30   26.20   29.90   52.70 
NORMALIZED                     71.82   32.07   21.69   26.26   98.19   66.16   93.82   95.03   12.42   57.49

**************************************************************************************************************

Top Player Counts:

Stephen Curry              4      20
Tim Duncan                 4      19
Derrick Favors             4      18
Marcin Gortat              4      15
Paul Millsap               3      13
Gordon Hayward             4      13
Kevin Martin               4      13
Dirk Nowitzki              3       6
Tony Parker                4       3

